1	124.661188561282
2	126.44450313361
3	131.829726880232
4	135.386392385997
5	138.061185360938
6	137.647274385768
7	141.791949891263
8	142.396477082099
9	146.166486983516
10	146.526338813002
11	146.761484164347
12	143.722595682176
13	149.747144531559
14	145.805728386554
15	141.117373994664
16	144.44170777814
17	144.821125813676
18	146.494933372054
19	150.033970208373
20	147.358451010599
21	145.444216760824
22	147.245050048913
23	148.296592049908
24	146.301300695042
25	150.690780732194
26	145.173851376037
27	148.662920054508
28	152.288533088589
29	156.418802237367
30	156.983701709899
31	159.296140593164
32	152.86917571032
33	151.015396285543
34	148.36542046105
35	152.258296215106
36	147.74126255915
37	149.531548903945
38	147.627805540837
39	155.176662830625
40	146.907259021288
41	145.241569890941
42	141.022847514868
43	144.766409033891
44	138.865982249443
45	136.268120702466
46	141.689776989072
47	139.133048799481
48	141.518514410672
49	145.289599980936
50	145.089766812002
51	142.256226621433
52	136.300948844394
53	134.820610266874
54	135.809511043382
55	142.772629328799
56	140.647714432765
57	142.451822488989
58	142.7628940047
59	142.952476254262
60	143.362222016998
61	150.391222357796
62	150.813594677609
63	157.34447924896
64	150.977355587371
65	150.477655907276
66	151.382605144214
67	152.181707928692
68	156.535866408049
69	151.891416716252
70	155.735881673603
71	150.566203762792
72	155.989040724919
73	154.826316972207
74	149.508563335764
75	150.414392480882
76	149.272567671959
77	144.026395534911
78	142.06909816052
79	144.613235927431
80	145.803439466242
81	144.411703111695
82	147.911390565712
83	145.414853077977
84	139.176924338028
85	140.307765134068
86	143.458872658405
87	148.34940223331
88	143.20865912504
89	139.600088275595
90	143.570369617969
91	140.606320609727
92	139.950440573296
93	140.339506669866
94	138.700403862444
95	139.390153755081
96	136.743123341629
97	137.958205234306
98	139.210241564557
99	140.354728598204
100	140.153029874803
101	142.853437732546
102	143.30270215581
103	143.851689657583
104	142.468487931165
105	149.398843338532
106	148.051055697763
107	146.513313499005
108	147.48551204555
109	149.72450872083
110	140.398429889426
111	139.820895241877
112	142.367602549978
113	144.807847786659
114	148.249480388596
115	151.185199527963
116	144.614683052726
117	145.004275987309
118	147.15529711535
119	146.217655260059
120	151.787073900113
121	149.36103166472
122	146.241154197767
123	143.655884579937
124	147.205789728891
125	150.408883914003
126	149.490396036063
127	147.440842689078
128	144.453771904581
129	149.430136686688
130	145.590640718506
131	142.233366424647
132	140.680114394346
133	146.057703344152
134	146.437687492478
135	145.567837041536
136	143.735868223105
137	140.799159710539
138	144.101118537814
139	146.163604856474
140	141.015198500004
141	144.946024254313
142	145.914103757724
143	148.307962987812
144	151.754955586072
145	152.617803183488
146	152.12178414957
147	153.051839072268
148	150.680001484027
149	147.65760473809
150	148.577251666902
151	149.019254609938
152	146.791071231143
153	146.643299819989
154	150.412983555543
155	147.033467328333
156	139.091342504089
157	145.045607031969
158	144.361852326866
159	140.250780708599
160	139.392797797212
161	143.398310055271
162	143.284108620223
163	148.097347917687
164	153.082186347737
165	152.419507074225
166	146.74789043115
167	141.925661468755
168	134.159149848281
169	135.346448918137
170	134.810951854947
171	138.873368803279
172	138.426800471282
173	142.789767463543
174	139.990148618079
175	141.856391593755
176	143.200914924012
177	146.452406438198
178	146.727514806938
179	145.824602618945
180	146.903830939711
181	147.489503854314
182	148.614149850001
183	150.046285887276
184	155.104682211216
185	157.822735840747
186	155.616987956093
187	160.414462838316
188	152.724088197057
189	151.424813385488
190	154.125835472915
191	155.329008597103
192	152.55556989339
193	150.083944398104
194	148.523881439349
195	154.104256904032
196	156.388120325392
197	152.573320452338
198	148.396845828356
199	140.487048927616
200	141.27949663326
201	141.774638789405
202	139.03997295281
203	137.346890284819
204	139.666959838872
205	140.996725907747
206	143.390766083864
207	144.495688159186
208	143.942013411834
209	147.98963289676
210	150.521535884132
211	151.718070928675
212	146.56589584672
213	154.974529286761
214	157.322304613602
215	154.256128740836
216	158.101404897192
217	154.921925577611
218	151.86017584536
219	148.955291235394
220	147.873501311641
221	149.927782992137
222	151.798633446214
223	148.639158538264
224	143.702990763536
225	145.259300037001
226	146.535713005898
227	149.823525308353
228	144.55264473746
229	148.498865716591
230	149.1700561458
231	152.576006481601
232	145.063322679508
233	141.841065023428
234	147.851584024921
235	147.239747912651
236	138.122088766253
237	145.310570126296
238	149.721295208843
239	150.759580354229
240	152.614369852988
241	154.35200715216
242	151.145718057402
243	148.838603338656
244	147.98151778096
245	145.329068361361
246	145.977523364433
247	149.874297506867
248	152.000950847689
249	147.796772492192
250	147.258731092844
251	152.321904904449
252	159.885661597191
253	160.257339725427
254	155.488142644442
255	149.903063551948
256	151.311537277189
257	147.001410569889
258	145.749725708252
259	145.09710013078
260	149.274912964221
261	154.464239668176
262	150.538013666611
263	152.522670482479
264	148.752701326741
265	145.834689910795
266	146.803530049872
267	146.311261569286
268	147.92759607026
269	150.122212383627
270	146.221590267038
271	144.05713260165
272	145.425404460843
273	147.753727973221
274	152.780344733908
275	148.625187411672
276	144.330513864699
277	145.62747483901
278	143.125508722061
279	150.040391808897
280	153.838958785912
281	153.414225458768
282	147.543245518142
283	146.68821294839
284	145.849836187704
285	144.770018607086
286	140.943635728987
287	142.54740624333
288	143.98322970294
289	143.083159230011
290	142.709922021004
291	139.920741906398
292	146.939095365159
293	143.733467360192
294	144.367666169319
295	147.578335192553
296	144.560801429334
297	142.019360210057
298	146.622218293023
299	145.599301271916
300	144.982933374524
301	143.964341435956
302	146.830087027757
303	144.736037988646
304	146.223189820775
305	149.157250795056
306	143.98698765425
307	140.157847502004
308	142.444845461087
309	142.790458061198
310	145.772580623872
311	138.536808508302
312	140.170849518452
313	138.986149348347
314	139.847439895577
315	139.95533556458
316	138.982655006176
317	137.934184724832
318	132.57239000576
319	131.395453370519
320	135.104492353057
321	133.602505739758
322	136.947793221171
323	133.506109358054
324	136.616352307709
325	143.461354255442
326	140.790687368556
327	142.063654421237
328	136.911981496709
329	140.669300829395
330	139.602106038848
331	142.337035675213
332	142.219547615652
333	145.856213928061
334	150.536114644436
335	149.912281591915
336	147.273192225076
337	150.559644123216
338	148.179918860736
339	147.897159029764
340	141.33071155914
341	150.989324707717
342	147.708250492642
343	147.438326250625
344	151.734296096466
345	151.453958706398
346	145.027969536604
347	150.761172644263
348	148.008146537747
349	145.597918220795
350	147.342707973496
351	152.469978379316
352	147.920679330781
353	141.103431891259
354	148.694771191197
355	145.058884842333
356	145.379338828601
357	149.791748457879
358	149.228740026712
359	143.610248999242
360	143.512578951612
361	145.661786108511
362	145.5740000205
363	146.318789141446
364	138.839205049783
365	143.043755349719
366	138.020932584605
367	141.764752285215
368	144.199890261133
369	146.930111434853
370	147.972937763646
371	147.300150667199
372	141.1578687022
373	147.796114242094
374	148.164271988163
375	147.34591753715
376	144.587213288099
377	144.040044775682
378	145.480965051346
379	148.069946054698
380	147.521860626999
381	148.447493407068
382	146.111204015676
383	145.172413462364
384	145.261891328854
385	143.935984420659
386	141.143046699905
387	142.697538090067
388	138.997859043715
389	136.316646830651
390	134.977332203866
391	133.732493611208
392	135.245393343978
393	137.703090912141
394	136.627693755533
395	136.442788339725
396	137.772669752722
397	141.140831565584
398	139.358951922824
399	139.929589508901
400	145.074406322844
401	152.056814922925
402	152.40544502795
403	150.537835547635
404	157.184246657745
405	155.858191488337
406	156.070998890557
407	157.548964474692
408	159.983983774895
409	155.411671494766
410	149.839249430095
411	154.384000631998
412	155.33155011775
413	152.187635757122
414	149.835978697451
415	148.418601478471
416	145.807142614428
417	145.721665904693
418	146.018333259762
419	137.633556625525
420	137.324305023805
421	134.65053105579
422	135.066013558669
423	131.180814748597
424	133.846229511749
425	138.480721053485
426	136.536857822885
427	139.214681555692
428	142.131973929829
429	141.973101864906
430	140.035105496503
431	142.623870087532
432	139.949122552959
433	141.280554821314
434	145.023848345912
435	150.045435872055
436	154.499755158073
437	158.920750737356
438	161.078317147989
439	157.114115952021
440	158.026506078145
441	155.840373423911
442	160.720732912728
443	160.943494025854
444	156.945682085858
445	155.289320355523
446	150.826219301836
447	148.022069769212
448	151.157911407708
449	152.007893561843
450	148.542734658921
451	159.147952051977
452	148.22894030245
453	147.133108144069
454	150.839250183617
455	143.482389538996
456	144.430173431395
457	148.29722883471
458	150.403423531232
459	150.425698156616
460	151.31961013738
461	155.615207524413
462	153.125820289484
463	150.423627173641
464	147.688526091254
465	152.108165375509
466	153.646022133013
467	157.636758130227
468	150.088884832718
469	147.688390258991
470	146.636060275337
471	145.022275887993
472	142.546717241976
473	142.670521573632
474	143.263339392162
475	141.940245090837
476	142.539887933001
477	142.222639360224
478	142.638083921467
479	146.805207952895
480	147.883095991765
481	149.344230887644
482	148.631169598956
483	149.471400256065
484	150.456193827468
485	153.054736671571
486	146.970151605576
487	142.671811145402
488	142.877840310929
489	141.946580272104
490	140.698318504519
491	149.266815486937
492	149.159629341175
493	144.792793032545
494	139.575019049047
495	145.921901856776
496	149.419883631366
497	151.268933354291
498	153.160512039431
499	156.878742561035
500	157.405161348048
501	158.745409742252
502	161.225633217294
503	163.889636936231
504	158.500044868667
505	161.244468955705
506	158.959867162573
507	155.308097658126
508	149.340155597943
509	151.54677433411
510	156.33857574104
511	153.647905916034
512	151.571816055982
513	151.215420112966
514	154.889470786066
515	154.424078869153
516	150.484174832086
517	162.868455601082
518	161.319991358609
519	154.775168518387
520	154.254631019863
521	150.02934295341
522	149.32530822195
523	148.83402421765
524	147.742239525651
525	145.266314784052
526	151.188559601102
527	158.090429747793
528	150.392631832683
529	155.034676927092
530	156.938863372666
531	157.625008286371
532	151.009780189942
533	144.973495685433
534	145.313103163114
535	149.196790919509
536	158.421587128496
537	152.088734281018
538	150.353035631817
539	148.853457590548
540	152.362607353761
541	155.773447137638
542	154.818362112233
543	152.615582116179
544	152.236782042034
545	153.257239482086
546	154.099661123474
547	155.620151479137
548	158.708727142998
549	154.061684675999
550	154.818472448409
551	150.517021733378
552	147.576410992514
553	147.968822638144
554	147.779684443801
555	141.329181188192
556	141.550195508461
557	145.225223236552
558	153.218943142958
559	149.922795229357
560	148.597485451739
561	153.095111999009
562	155.321083055268
563	150.833008131579
564	154.970573844187
565	157.613120301079
566	156.807637955359
567	153.768768989339
568	153.075344920245
569	152.13025932829
570	157.554092101984
571	156.464974677196
572	162.263691471334
573	159.191562930831
574	161.951156942201
575	168.668646928015
576	165.078654993687
577	157.801308385252
578	152.710379190273
579	155.494709880828
580	152.887761950209
581	159.959782140654
582	161.54245746966
583	162.102912584736
584	165.145747259756
585	167.319995799583
586	158.78035840823
587	160.483497851668
588	161.123291390154
589	164.848666761105
590	163.671372354232
591	161.218406009368
592	166.028743949633
593	166.725896136657
594	159.081929696674
595	161.700747326022
596	157.846056260937
597	151.593363069606
598	148.774227500723
599	144.198943259328
600	144.19700547909
601	146.633426888915
602	145.922423695738
603	151.039315961894
604	155.930043908837
605	148.497621108099
606	148.614872884942
607	154.357537690694
608	155.518124790169
609	162.398238745513
610	153.505890033526
611	159.081706202005
612	153.836450782683
613	152.576579752773
614	151.739175949477
615	151.377338548171
616	143.656112052972
617	146.785055130486
618	152.45805136081
619	157.188328974796
620	164.536973790088
621	163.424379741815
622	161.645397613267
623	163.35029341232
624	165.544570332834
625	158.888595141361
626	160.504625929349
627	161.245437642016
628	162.146860049393
629	157.762127886677
630	158.857182977812
631	162.072924173247
632	156.929446626451
633	151.609813001274
634	153.657836121423
635	158.827028157334
636	154.45263654741
637	153.483955703971
638	150.813672243759
639	151.482359871021
640	159.966168576965
641	157.341786252582
642	156.783218008584
643	162.492345135637
644	156.362887913328
645	151.923388803331
646	153.565044660465
647	156.074890649747
648	154.05256638353
649	152.443807838669
650	153.963907227502
651	155.177537869673
652	148.501657481839
653	147.543419160318
654	149.833505345359
655	148.933479722891
656	145.224773610008
657	145.009947036255
658	148.294814341436
659	149.263724598913
660	150.44703928507
661	151.056949129531
662	147.981029496829
663	145.143449708819
664	150.388858909292
665	153.049608210615
666	151.686037834546
667	150.702323961556
668	155.49344287621
669	148.826386204044
670	145.515218279204
671	155.083546587562
672	154.056166199911
673	155.276769480867
674	150.5117074894
675	152.156256580431
676	146.204647528028
677	141.877711580471
678	145.862183986829
679	147.547441156543
680	150.494560043412
681	143.008110801401
682	144.992220859964
683	143.74297512907
684	142.014478887542
685	135.912979973196
686	134.884027086032
687	133.114959559686
688	141.743980636138
689	146.780860815475
690	143.775686835802
691	139.235936741021
692	144.515832172099
693	136.896531269003
694	136.359220586816
695	143.01399276911
696	148.543318327168
697	152.688570028301
698	147.32517020289
699	150.050881341483
700	153.040325360371
701	152.732372342439
702	153.807650765789
703	158.575833001545
704	155.408491953703
705	151.803226836787
706	153.430847613433
707	145.426624808577
708	147.982621205924
709	144.378066905456
710	137.993517535748
711	134.013732421125
712	134.49458337112
713	134.688534179114
714	134.016795727706
715	136.717117353841
716	134.545929298458
717	139.139917200452
718	141.80718813462
719	137.531257633735
720	135.417660648909
721	139.810846851213
722	145.259612249916
723	146.049961659225
724	154.656605171845
725	151.657864094507
726	146.180734156651
727	153.155138300061
728	149.735476430203
729	146.715775998685
730	149.025772346698
731	152.643788292212
732	153.442649735766
733	152.303528864968
734	149.120721305228
735	146.336747338241
736	147.551127391332
737	144.575491797366
738	140.720277808932
739	139.085412467754
740	142.74353549448
741	141.430152322952
742	139.569996697926
743	142.378981555747
744	144.833689931279
745	140.956025010155
746	141.31682428249
747	142.202648601254
748	139.80543357897
749	146.186479924173
750	143.656330396545
751	134.73152084752
752	137.963121091185
753	137.952283574917
754	138.541592127536
755	135.138669423802
756	139.119065821885
757	137.490902728228
758	134.519998951054
759	139.02584436737
760	137.265726427808
761	134.642439271965
762	138.265242355714
763	134.689061069755
764	142.155816226767
765	144.106403294447
766	140.691433694569
767	149.675473819436
768	150.843205446233
769	151.377594358081
770	148.06675687019
771	150.229290686535
772	144.083276515352
773	143.499804290652
774	144.263027768049
775	145.239005345931
776	143.983004002062
777	142.646473537008
778	141.034765122051
779	142.458924082423
780	139.519968514809
781	141.541628933435
782	138.97224502007
783	143.370490734635
784	143.062216458762
785	145.905048685813
786	148.205212857808
787	148.236986762239
788	146.458694418357
789	156.911191142634
790	153.553611888312
791	150.698961719678
792	149.216051188788
793	155.490727236558
794	149.793078180019
795	148.439358636453
796	150.401638384882
797	150.573172638862
798	147.005552995143
799	144.172476575291
800	142.970502931298
801	142.370258073264
802	144.20726801661
803	144.69532970319
804	151.193112569016
805	156.657325296561
806	155.749526731992
807	153.864238447471
808	149.156901533888
809	147.576187732688
810	149.540826334586
811	151.388543710899
812	148.995317644194
813	150.449141631611
814	146.96215098602
815	147.359820544485
816	151.104238227521
817	148.094081518308
818	148.182729888743
819	151.877167321919
820	146.342151515152
821	144.024131497627
822	142.448418696716
823	140.117043683064
824	143.694779815677
825	143.584880242325
826	147.568030067302
827	148.894406968603
828	143.952052934653
829	147.1391503317
830	149.711272537553
831	148.891003174727
832	147.303988239541
833	149.589226168958
834	157.110697904928
835	158.472735375124
836	152.831502207054
837	155.208761295685
838	154.347700705461
839	147.496710434037
840	142.179784255137
841	146.412698019986
842	152.381466804712
843	153.817853555778
844	154.886721426915
845	158.864935867491
846	163.062704976567
847	159.776720300538
848	155.101410738996
849	157.7293014246
850	157.391265014999
851	156.308669615832
852	155.944580092105
853	159.786535736365
854	157.429124522013
855	154.152586897439
856	152.554492538344
857	148.709346244051
858	145.418096760501
859	143.258652449164
860	144.985468319563
861	148.829889477589
862	148.764022190464
863	146.475275042929
864	146.442594894772
865	150.980121335443
866	152.782404378815
867	151.941011233862
868	148.316749572262
869	145.679588242875
870	147.191397478747
871	142.74258850709
872	141.24123110159
873	136.935748838478
874	134.894830995528
875	134.096093266043
876	137.77927609723
877	136.033530480247
878	136.251287727922
879	136.141906346884
880	136.874275277155
881	138.302307786584
882	137.473216313061
883	144.674887569098
884	146.0186161382
885	147.251597963857
886	142.828925915164
887	139.925460783452
888	140.585984332623
889	142.116064258108
890	138.350793746829
891	134.083325827694
892	135.104025282144
893	138.034841803506
894	142.336716648361
895	143.889791044988
896	145.36817100696
897	147.147183848338
898	145.787168158606
899	145.103049348081
900	147.307603142011
901	150.233543859518
902	147.586564624398
903	153.369337470833
904	147.791755939375
905	142.606096073375
906	136.591033675627
907	139.429230577312
908	142.409944213788
909	147.945488128606
910	146.791445955294
911	147.687614748336
912	145.808739970114
913	149.084305129437
914	145.892825305023
915	148.140600154017
916	150.349584220556
917	150.291661329362
918	144.421361707641
919	144.522517817028
920	150.220779901009
921	153.638930991653
922	152.223053223876
923	151.516571327284
924	152.86911605769
925	150.864101590408
926	142.329958074816
927	138.120646108511
928	141.879152657816
929	145.349806373545
930	146.692201022595
931	147.093479030207
932	150.386986030347
933	150.19633915465
934	152.704729177133
935	153.95726311537
936	152.077912208164
937	151.054829902633
938	147.250449646392
939	146.65968734481
940	147.016456769356
941	153.543298797304
942	156.18693772719
943	144.580861382758
944	141.761345410455
945	141.263006744977
946	138.499087938371
947	140.091769143929
948	141.19612195768
949	144.81842708743
950	142.37323757079
951	136.382191755024
952	138.458866617488
953	143.814856962676
954	144.210664704218
955	141.306071048785
956	143.002046434307
957	143.46540563379
958	140.118848176744
959	143.167703573002
960	145.489193347013
961	149.050124740491
962	146.224640710328
963	149.979891181622
964	146.915010232042
965	143.901162476005
966	144.759002214647
967	148.309691448536
968	148.223542619842
969	147.960723260617
970	151.386343570344
971	155.941318912272
972	146.184206867984
973	147.231850823509
974	147.727259942992
975	150.782527232343
976	148.193286190808
977	147.133099496924
978	145.607034785967
979	146.904914970673
980	145.436873640032
981	143.586978341772
982	150.295495827159
983	150.030547536799
984	143.552826153055
985	139.599946728768
986	144.733016263359
987	142.030594877921
988	140.102963406873
989	142.474738110434
990	141.495914943819
991	137.489678138164
992	142.690616919164
993	143.867894623736
994	147.031119806413
995	147.172567370762
996	145.163167320204
997	144.411567803535
998	144.700975220135
999	148.607464102218
1000	143.026505430557
1001	143.763917405248
1002	144.824758012199
1003	143.151429054987
1004	149.113044677737
1005	149.1787057261
1006	146.27381831084
1007	145.274703870418
1008	140.301897638389
1009	137.739970625691
1010	139.028804709478
1011	140.871147687169
1012	143.713660098628
1013	142.353543021527
1014	138.422613365829
1015	134.233358098053
1016	136.280221658401
1017	133.234561763748
1018	134.237356832968
1019	138.322618430196
1020	138.808183567756
1021	139.116067945396
1022	141.277888010362
1023	147.716680701784
1024	143.462554058602
1025	146.739154086821
1026	145.003484428307
1027	146.961799998292
1028	144.328739797431
1029	149.916831784123
1030	151.513718973157
1031	151.862544411847
1032	149.729468321859
1033	149.180718205703
1034	152.445464807865
1035	150.276942233128
1036	148.993249816454
1037	153.20723783923
1038	155.022167963919
1039	155.392774775094
1040	155.356766314643
1041	148.813414972199
1042	147.367190298174
1043	149.456076170527
1044	143.251281982882
1045	147.095489071849
1046	147.418620333688
1047	146.717264857695
1048	144.872965376415
1049	143.761078733518
1050	139.497963290565
1051	138.682987983741
1052	142.712762125226
1053	149.143979116415
1054	145.877209682009
1055	145.397975901383
1056	143.696656999147
1057	141.28623989771
1058	139.738778748029
1059	143.745575803452
1060	145.841129505333
1061	141.771257581624
1062	141.921045853762
1063	141.42212530205
1064	149.414721472663
1065	150.013157868525
1066	148.328214744867
1067	150.702371084836
1068	149.510256548995
1069	146.028327272955
1070	142.540319379023
1071	148.754195110947
1072	155.459811607343
1073	160.860925082767
1074	163.633466393708
1075	157.106735597931
1076	156.142772887191
1077	158.248197711811
1078	156.691392732312
1079	157.1725444313
1080	152.196666688607
1081	149.772945841688
1082	148.13467150323
1083	149.682292681072
1084	145.997703747752
1085	146.706816280299
1086	148.542576365497
1087	152.700157829055
1088	151.724665546654
1089	152.838716609994
1090	154.693855693043
1091	158.493224127955
1092	155.004447212421
1093	155.770170670235
1094	152.109303876539
1095	150.576417241617
1096	148.23927049215
1097	149.556450897141
1098	147.794054191888
1099	143.213796714395
1100	144.579540786856
1101	149.327916141955
1102	145.255050644767
1103	145.826307060687
1104	148.008065890497
1105	159.350310054505
1106	158.117770390978
1107	153.795268597463
1108	151.290346750602
1109	155.160196196149
1110	155.511934947675
1111	153.812994248224
1112	151.133209054428
1113	150.601572857311
1114	146.793488379949
1115	145.159814844907
1116	150.814757742195
1117	149.132941460238
1118	148.266472779168
1119	151.254886916264
1120	146.693654622149
1121	146.214346460172
1122	147.415294761717
1123	144.550182807447
1124	145.928563875674
1125	150.974278337583
1126	149.568987670618
1127	144.273279829497
1128	146.159645132769
1129	150.642533685757
1130	151.150746945781
1131	148.267975067573
1132	143.234031397129
1133	141.306155280713
1134	138.061528683229
1135	138.659587620798
1136	139.36910712044
1137	141.049001920637
1138	140.377781428458
1139	144.942379332289
1140	144.092023970858
1141	149.815248340341
1142	147.817554933578
1143	143.620295871677
1144	143.446889278546
1145	154.661009173394
1146	145.362164093505
1147	145.623236385075
1148	148.27582081583
1149	145.860273106029
1150	139.57656625519
1151	143.063931267752
1152	138.695684571845
1153	139.860512526013
1154	137.023661089742
1155	143.002009907537
1156	139.89802877824
1157	140.897108158289
1158	147.18137338832
1159	150.49502606531
1160	145.398880572774
1161	147.565526670844
1162	150.641817389003
1163	151.441640812276
1164	152.530840319627
1165	150.700836432467
1166	149.428731861271
1167	146.647297114309
1168	144.269305900569
1169	147.993451526455
1170	144.664506355902
1171	150.052336983549
1172	148.549171905629
1173	151.749021901629
1174	154.279338072712
1175	147.667185825298
1176	145.559298520553
1177	153.00688931291
1178	155.876892068068
1179	153.02956879975
1180	150.176882764691
1181	149.531719656698
1182	150.035305075169
1183	145.95395417469
1184	143.703264468985
1185	146.769027779438
1186	149.531309617096
1187	148.845858220371
1188	151.242434626525
1189	147.660050290827
1190	142.94679990484
1191	143.13794935335
1192	144.158318693229
1193	139.118516957353
1194	140.478629568441
1195	137.680207883742
1196	137.962637325525
1197	137.896634088894
1198	140.533605410365
1199	142.343259966686
1200	139.619946051879
1201	138.467381519098
1202	144.157356484386
1203	144.656269785206
1204	137.641630347737
1205	139.070333756571
1206	140.896530190562
1207	142.562135350442
1208	140.06811796758
1209	145.586309714866
1210	147.156814808708
1211	145.228580046227
1212	142.247519281008
1213	142.542208197406
1214	145.786392764078
1215	142.083427609978
1216	138.220001705944
1217	142.775425563967
1218	138.652232265242
1219	139.938463364537
1220	138.767190439141
1221	143.201323326207
1222	141.858884838628
1223	142.531646157833
1224	144.895483347418
1225	145.470045965792
1226	143.161895823142
1227	146.729376972387
1228	145.258302773178
1229	144.851174397224
1230	147.372297942277
1231	150.754912929763
1232	147.178013894436
1233	147.059569691213
1234	142.09727962112
1235	145.260581559587
1236	144.518006872624
1237	143.007768741436
1238	142.2893958175
1239	141.841013796877
1240	138.691932700255
1241	131.704837149622
1242	131.026849983641
1243	134.57819531815
